1219.79
620.2
305.47
898.95
5455.1
916.85
700.18
344.4
731.39
184.73
1653.4
2.97
1129.7
41.3
853.93
510.38
378
376.86
1192.36
4015.2
573.21
697.84
1796.9
707.19
751.66
1071
314.82
665.99
2846.9
344.85
510.77
6861.4
442.42
397.54
2148.3
898.37
181.09
5919.2
551.21
1045.46
4360.3
811.03
574.73
3443.3
416.24
1109.81
3638.6
475.64
1080.95
3059
705.43
458.38
4263.7
987.8
1294.28
1311.1
754.82
1192.1
4897.2
800.91
299.65
647.5
779.24
822.51
235.2
715.55
109.98
1210.3
144.43
761.41
4286.8
428.45
1245.66
381.5
969.54
437.71
3803.8
40.04
525.59
2625
119.57
885.04
5093.2
789.58
752.44
2508.8
594.33
344.63
1927.8
263.89
1291.16
3542
1064.36
437.84
5417.3
1.32
809.38
6010.2
890.34
980.07
556.5
62.7
186.42
264.6
821.37
858.13
67.9
319.22
431.21
344.4
731.72
98.28
5110.7
30.8
557.18
6608.7
425.15
1259.57
5910.8
728.09
1097.2
3310.3
883.41
1055.21
5667.9
634.81
582.53
472.5
77.99
1160.51
3196.9
864.16
1234.61
1647.1
504.46
905.45
3714.2
515.13
808.47
6036.8
168.08
373.23
4012.4
971.19
1235.39
13.3
909.7
437.84
6795.6
738.65
824.2
5704.3
857.56
93.99
1832.6
246.95
369.98
2415.7
321.31
462.15
1665.3
823.68
1009.32
5759.6
1082.51
305.5
3635.1
165
914.42
5434.8
13.64
638.82
4890.9
644.16
486.59
4543.7
244.97
1087.45
6901.3
212.96
186.16
1785.7
708.07
1199.64
2292.5
594.77
191.62
4284.7
974.38
571.35
4220.3
136.07
1070.55
2655.1
639.98
575.64
4300.1
111.21
770.64
6670.3
965.36
312.52
3110.1
633.93
599.69
3176.6
946.66
889.2
2032.8
529.98
666.64
481.6
810.59
1029.21
6941.9
769.56
432.12
5420.1
1041.7
283.79
5943
604.89
1270.36
4707.5
620.84
726.7
5253.5
895.29
384.02
6850.2
843.59
1050.66
5979.4
931.04
25.61
6654.9
1029.05
1144.52
4443.6
947.21
470.86
5479.6
1022.89
954.59
4022.2
612.48
564.2
3795.4
364.21
495.3
5323.5
198.11
735.93
2611
536.58
169.65
6524
960.96
1227.72
6038.2
937.42
450.45
4695.6
375.76
1076.66
2280.6
321.64
992.81
1443.4
618.64
338
1425.2
379.72
246.87
6565.3
610.5
970.84
49.7
107.03
927.03
2716.7
542.3
1161.29
4125.8
952.6
21.19
5039.3
877.91
1156.87
2097.2
325.49
490.49
1969.1
1063.48
934.7
766.5
321.86
840.58
3558.8
147.4
271.7
5378.8
371.36
720.46
4155.2
1001.77
967.85
6829.2
1009.69
1094.34
4820.9
1035.32
435.24
1520.4
182.49
261.17
1635.2
573.1
824.46
5310.9
902.66
1209.13
5399.1
810.92
691.73
878.5
530.09
597.87
5404.7
1089.44
772.07
6867.7
433.4
736.71
1193.5
685.08
146.51
6405
658.24
865.54
2744
1014.64
314.86
5088.3
153.56
530.53
3941
9.24
1207.96
1380.4
843.92
500.5
5337.5
592.35
158.86
6509.3
730.4
785.46
2728.6
78.43
298.74
4333
57.64
336.7
5746.3
943.91
1146.47
6535.2
850.52
150.15
4195.8
880.44
49.27
3338.3
580.03
230.88
6195
798.05
241.8
5699.4
613.69
764.92
1395.1
352.55
990.73
6696.9
275.44
79.69
1372.7
302.94
172.38
2981.3
983.84
1066.26
2241.4
385.66
881.92
1414.7
312.62
112.84
6669.6
570.79
1153.36
6935.6
1095.38
64.74
5625.2
968.88
1007.89
4373.6
363.33
433.29
1493.1
181.28
375.7
6827.8
832.37
226.98
257.6
1048.19
585
5632.2
416.68
1273.61
4374.3
768.9
429.39
2123.1
589.93
324.61
177.1
538.12
999.18
6387.5
126.72
519.48
4182.5
1010.68
1190.41
2610.3
597.96
319.8
2389.8
431.31
59.8
4412.8
3.08
1043.51
5635
742.28
982.28
6231.4
527.34
1000.61
6089.3
114.73
135.07
1401.4
47.08
832.39
3150
74.91
994.11
5976.6
677.49
669.63
1774.5
234.74
564.07
1184.4
243.65
796.51
352.8
619.19
6.37
674.8
911.35
835.77
3740.1
696.85
413.01
2030
576.18
1036.23
4864.3
31.79
697.71
5591.6
252.12
753.35
520.1
345.84
367.77
5873
185.02
694.2
2478.7
62.59
497.38
2962.4
248.71
785.46
252
1002.87
1042.99
4732.7
8.91
820.17
2233
596.75
1169.48
4456.9
514.47
550.42
483
178.86
588.12
4239.9
1057.54
411.84
5743.5
39.38
820.56
5170.2
561
564.98
1908.2
549.34
639.08
4586.4
613.58
458.77
6262.2
251.9
344.11
4879
995.61
1180.4
6741.7
945.23
111.41
6038.9
144.32
245.18
6449.8
919.05
456.56
63
485.32
1232.27
6727
986.59
804.57
1591.8
699.05
993.33
4634
597.63
1168.31
5521.6
917.18
593.58
5439
801.24
891.28
291.9
66.66
293.8
4094.3
26.07
936.65
2141.3
573.87
1107.34
3461.5
86.13
893.49
5920.6
96.03
992.81
3002.3
53.13
858.91
334.6
303.27
1210.82
3129.7
630.19
143
2421.3
397.98
1226.94
5617.5
152.68
399.62
863.1
897.27
478.53
2445.1
39.38
35.1
489.3
375.87
239.07
3898.3
919.93
340.86
6155.8
349.03
1280.11
4501.7
820.82
868.66
6573
472.12
752.83
3539.9
562.65
197.73
4309.9
943.14
193.83
1362.9
324.61
1200.03
3514.7
59.07
486.2
3537.8
443.3
532.74
3727.5
118.91
977.08
2461.2
330.22
290.03
4297.3
197.56
702.52
1636.6
503.8
1198.34
6314.7
436.7
1282.06
3368.4
591.69
647.01
1879.5
168.96
1287.52
2923.2
383.13
1196.91
6831.3
534.27
1266.72
2449.3
1090.21
16.51
2765
575.96
982.8
5472.6
561.55
73.19
34.3
136.84
1132.43
1263.5
1092.74
427.83
5162.5
985.05
469.82
2512.3
414.48
1169.09
3442.6
308.55
894.66
3375.4
768.02
873.21
2821
340.23
204.62
88.2
725.23
193.18
177.1
59.73
399.62
5469.8
518.43
1063.27
5863.9
523.82
750.75
4961.6
321.09
742.3
4712.4
32.34
132.21
242.2
25.85
147.81
3983.7
566.83
512.59
1801.1
696.08
120.25
6503.7
738.1
522.34
5051.9
751.96
905.19
3538.5
779.9
501.54
5691
539.44
1114.23
1862.7
1059.63
1259.05
3352.3
338.03
338.52
4795.7
1078.55
1202.5
5507.6
715.33
1233.05
6304.2
241.45
603.07
2064.3
123.2
125.71
158.2
743.93
998.01
417.2
437.91
112.45
5292
993.96
1034.15
5439
386.98
1197.43
4439.4
278.52
675.48
1665.3
805.31
1075.1
3488.8
458.92
575.51
2963.8
224.4
946.79
50.4
813.78
757.9
744.1
38.17
903.5
1421
63.03
482.82
4241.3
827.42
526.11
4846.8
559.02
1226.55
862.4
1012.44
384.02
310.1
208.78
713.18
3948
470.58
1190.67
183.4
1018.82
1258.79
728.7
1083.28
223.99
5826.8
689.92
1185.86
2907.8
806.85
756.73
5219.9
1030.15
357.11
819.7
195.36
34.97
3652.6
957.11
221.39
3257.1
1092.63
117.91
2771.3
740.08
364.78
4057.9
959.2
920.92
915.6
586.74
350.74
693.7
701.36
1156.74
1900.5
115.72
672.23
5732.3
171.49
325.78
2807
991.76
1069.12
2176.3
719.29
0
2364.6
891.99
656.89
3556.7
1002.54
173.94
4192.3
1036.86
1048.71
3602.9
574.53
882.31
1561.7
718.52
275.86
896.7
426.25
630.5
125.3
724.9
293.02
3745
124.41
495.69
5499.9
164.34
1193.53
4256.7
506.33
743.6
1703.1
878.02
23.53
5240.9
1035.65
1208.48
6177.5
594.44
1133.86
4824.4
60.61
38.61
22.4
1004.74
413.53
5954.2
45.65
917.41
6795.6
65.45
1299.87
1373.4
252.67
972.79
4043.2
16.94
1167.01
916.3
284.57
1291.16
2367.4
552.31
554.58
2494.1
974.6
478.66
6447.7
845.35
1181.18
2999.5
102.3
778.7
3208.1
804.54
191.88
2881.2
640.2
245.96
5267.5
608.08
1149.07
5267.5
823.9
147.68
952
1057.98
993.59
235.9
102.08
855.66
4634.7
474.1
1034.15
621.6
464.75
885.95
3199
378.07
110.89
5.6
849.42
231.79
1645
952.27
1182.61
2678.9
1003.86
164.97
1449.7
731.61
409.37
637
58.08
83.07
5878.6
207.68
859.3
1675.1
943.47
505.7
6283.2
571.89
591.76
4851.7
669.57
1141.01
69.3
72.27
1113.58
666.4
771.87
343.33
1914.5
1030.48
168.74
5728.8
351.45
880.88
4063.5
579.26
445.64
6267.8
278.08
40.04
6715.1
800.58
285.61
1788.5
1063.92
100.62
4511.5
550
302.25
697.9
911.13
1093.56
4288.9
922.02
704.73
3285.1
1026.74
317.07
5133.8
926.31
1060.67
3489.5
325.27
176.02
1232.7
963.82
386.36
1078.7
848.76
240.76
1295
402.82
712.66
279.3
683.87
670.02
821.1
991.65
845.78
6895.7
700.04
622.7
5784.1
274.01
412.36
25.9
389.07
1151.67
6179.6
95.81
946.4
4890.9
644.16
856.7
5838.7
436.7
695.76
5365.5
606.21
398.97
6661.9
809.71
400.79
945.7
452.32
1209
4554.2
180.18
606.71
6554.8
163.79
134.16
2907.8
671.44
1283.75
2575.3
675.51
443.56
1776.6
546.59
82.68
4319
215.16
369.72
1932
731.39
885.82
3125.5
474.54
302.38
2720.2
20.13
785.07
4878.3
168.85
19.76
1834.7
483.23
232.7
5102.3
11.99
1252.03
3271.1
469.04
745.55
3183.6
472.45
244.01
3019.1
751.63
415.74
3464.3
1029.05
670.15
5455.1
931.48
1060.28
672
322.63
1146.99
2300.2
348.81
696.54
3973.9
15.4
421.85
1526.7
303.71
518.7
226.1
5.5
533
6967.8
118.25
1087.32
1429.4
618.64
345.67
2743.3
691.79
759.72
2428.3
136.18
201.63
3483.2
592.13
2.47
2193.1
697.73
1209.52
1369.2
657.91
321.75
2566.2
881.21
1165.71
4838.4
21.12
224.77
631.4
755.48
1057.03
3501.4
349.14
1196.91
6802.6
573.76
153.79
1663.9
603.57
971.36
3201.1
985.27
658.06
4287.5
432.63
883.61
1747.2
375.98
408.33
5707.1
189.86
711.62
4886
593.23
453.05
4163.6
253.55
3.9
2820.3
1051.49
896.74
1512
501.82
835.12
5403.3
470.8
213.33
6231.4
331.1
452.4
1908.2
834.13
1142.57
2898
407.88
353.99
656.6
281.27
324.09
301.7
78.1
548.6
4133.5
845.9
1249.69
6573.7
400.18
1075.1
6594.7
843.37
1017.77
1869.7
679.8
1136.59
6366.5
428.89
393.12
4961.6
1006.94
310.18
398.3
905.52
1295.97
3997
261.03
3.9
5903.1
1062.93
336.31
5095.3
10.34
1254.37
1049.3
258.61
954.07
5224.8
191.62
952.9
1460.2
826.65
175.37
6940.5
20.46
504.53
3507.7
619.74
537.29
3070.9
299.42
427.31
4741.1
1060.73
197.47
4719.4
588.94
31.72
2186.8
15.29
813.67
1444.1
815.98
825.89
1198.4
579.59
1131.65
3782.8
300.63
883.87
1913.8
530.09
560.95
304.5
119.57
110.89
468.3
269.5
843.31
3361.4
752.07
723.06
5662.3
397.1
676.65
4172
737.44
898.43
1789.9
1081.19
442.39
6171.2
208.12
106.73
1065.4
396.55
317.59
4605.3
589.71
198.64
2364.6
489.17
351
2831.5
537.02
492.31
3429.3
610.61
336.57
970.2
38.83
1225.38
4863.6
527.34
394.68
5954.2
781.77
791.96
3791.9
1063.04
769.73
6174
932.8
541.58
4195.8
698.94
535.99
5905.9
322.63
1232.92
4421.9
694.32
511.03
6311.9
737.99
671.45
6409.2
176.88
918.97
1221.5
329.45
964.86
819.7
692.45
1113.97
391.3
528.11
737.88
4656.4
722.81
694.2
6247.5
191.73
22.36
2163.7
449.79
848.51
2496.2
976.58
755.56
2135
571.56
276.12
2333.1
463.43
674.18
5949.3
370.7
883.22
3897.6
562.65
798.33
6539.4
290.29
316.81
2984.1
351.78
466.7
6957.3
682.22
846.69
1141.7
564.08
1073.41
1262.8
502.81
304.98
3278.1
895.18
159.25
346.5
829.4
834.73
6280.4
794.86
82.42
2910.6
629.75
46.28
666.4
840.95
711.36
2412.2
367.29
1054.43
4118.1
836.33
995.93
4077.5
829.62
28.08
1637.3
1009.14
694.72
417.2
806.3
814.71
6505.8
221.43
98.41
363.3
974.6
604.5
2304.4
861.52
243.88
195.3
218.9
513.89
444.5
1022.45
207.74
4274.9
301.51
641.81
399
547.36
330.2
3208.8
88.11
10.79
3360
1044.12
729.17
4547.2
708.4
382.07
1934.1
630.85
169.52
6911.1
286.66
21.32
3166.1
247.61
565.37
1925.7
278.3
824.07
4692.8
348.15
258.18
5811.4
618.75
140.27
6713.7
280.17
312.91
5938.8
784.41
1242.93
3443.3
212.41
1176.89
369.6
926.97
714.22
6873.3
829.73
985.53
786.1
414.48
24.31
5347.3
510.73
316.94
1391.6
813.34
171.6
3276
450.78
583.18
2112.6
962.72
840.19
2868.6
516.45
1171.3
4553.5
349.69
798.46
4246.2
890.78
575.25
1030.4
547.58
370.89
4876.2
527.67
877.24
3182.9
249.92
67.08
760.2
1090.32
670.67
6913.9
209
331.89
837.9
322.52
390.39
1424.5
654.61
1053.91
5948.6
5.39
1190.02
2702.7
319.66
303.42
2.1
585.75
881.92
3099.6
747.67
229.19
2543.1
12.65
852.8
266.7
111.54
674.05
627.9
231
662.61
1685.6
916.19
435.37
919.1
646.69
342.42
3021.2
870.54
1116.05
6142.5
304.15
648.18
5551
728.86
1025.96
4631.2
729.19
1243.97
6826.4
814.99
827.58
1060.5
813.45
368.29
3099.6
855.36
500.11
6729.1
552.86
299
743.4
416.46
81.77
534.1
561
846.04
2377.9
1035.76
100.75
1387.4
499.84
460.2
2324
970.86
847.34
5295.5
197.34
1234.87
4993.8
170.06
898.04
6897.1
336.82
559.39
1880.2
422.62
1096.16
4573.8
1078.77
1275.3
6183.8
95.59
467.48
4070.5
878.24
1130.48
1626.8
152.02
580.45
6615.7
1068.76
696.93
6540.1
334.07
544.31
4102.7
66.22
777.53
3752
449.68
504.27
6034
433.51
428.09
2046.8
729.08
927.55
5395.6
347.82
902.46
2709
219.56
541.19
5226.2
859.21
1105
1760.5
713.57
810.42
2332.4
251.9
773.5
6085.1
179.63
694.07
2016
824.34
298.09
3649.1
313.94
829.66
3810.8
162.25
41.99
6116.6
82.61
903.63
4111.1
529.21
840.45
6417.6
954.91
625.69
6778.1
274.89
1167.01
3174.5
551.54
710.32
538.3
918.06
533.91
2150.4
373.01
746.2
5887.7
288.53
1246.31
4939.9
861.96
1143.09
2407.3
360.91
860.6
79.8
920.81
958.23
2392.6
65.56
1109.42
6918.1
1074.04
463.71
3287.9
638
788.71
2571.8
36.85
966.29
3843
820.27
277.16
4164.3
58.19
717.99
1183
582.12
1059.11
5340.3
258.39
303.55
4495.4
235.4
255.84
2130.1
248.05
44.07
4736.2
222.75
121.68
1157.1
908.6
916.76
3654
325.27
1196.52
900.9
328.13
1240.2
6104.7
530.86
909.61
5043.5
783.97
504.14
1909.6
568.59
1192.1
5058.9
307.78
197.6
6694.1
1014.31
475.8
5518.1
947.76
294.71
5756.1
592.02
557.96
3857.7
773.85
331.89
1794.1
946.88
242.06
1237.6
1088.45
155.74
5362
546.48
308.88
706.3
239.03
1235.39
3420.9
137.94
607.49
2839.9
932.91
496.99
1350.3
483.56
395.72
1359.4
250.8
1041.56
2946.3
754.05
1267.11
3397.8
260.26
407.42
2631.3
140.91
226.46
1381.1
1034.11
212.94
2219.7
375.43
384.54
1329.3
486.42
192.92
5428.5
622.71
1181.7
6146
667.81
509.99
1822.1
880
1081.6
1400
1093.62
903.76
8.4
55.44
494.91
6831.3
589.38
328.25
2025.8
1002.87
20.54
3245.2
119.9
1242.8
1838.2
67.54
386.49
1355.9
975.15
487.24
2394.7
728.2
1223.17
6204.1
594
238.16
1950.2
880.44
1278.29
5220.6
699.16
796.51
3087
700.48
862.03
3198.3
674.08
1084.33
2412.2
591.14
969.54
2523.5
1.1
637.13
2215.5
988.79
242.71
1743
101.86
95.16
4366.6
76.89
481.65
1400
1051.82
709.41
2682.4
258.28
449.93
11.9
1078.77
801.97
1747.9
62.59
329.94
6389.6
565.29
652.34
5229
944.35
50.96
896
939.62
878.02
1773.1
187.77
746.59
3080
60.5
392.73
1039.5
746.68
483.6
3633
565.4
1252.42
452.9
585.75
257.79
322.7
186.34
1058.46
4641
461.01
658.19
3864
365.2
852.02
376.6
785.62
193.96
651
926.42
4.42
5379.5
803.88
1052.22
6846
187.88
1123.72
1961.4
1049.95
231.92
4565.4
119.57
900.25
4309.9
190.85
1118.26
3144.4
940.28
38.48
6290.2
168.3
109.2
2834.3
775.61
66.56
4869.2
834.79
995.02
5913.6
535.92
315.64
5937.4
281.27
791.44
4603.2
257.07
1013.61
3654
565.29
480.22
4903.5
881.54
621.66
197.4
57.53
372.97
3665.2
551.65
184.21
1318.8
38.83
1208.87
1906.8
82.94
825.5
2265.2
848.1
37.96
5069.4
677.38
671.32
4216.1
510.51
1003.73
1477.7
832.59
833.3
4382
306.9
1027.26
6968.5
676.17
769.08
762.3
305.91
837.07
2770.6
881.87
1014.78
3762.5
1089.11
586.43
3271.8
987.58
684.45
5163.9
942.26
386.88
5368.3
237.71
1187.42
1983.1
498.96
16.51
4834.2
329.89
1000.61
2321.2
1018.6
889.07
5299
612.37
388.18
2440.2
330.88
749.71
4393.9
766.26
17.68
304.5
956.23
4.81
3462.2
1069.09
697.71
148.4
780.56
511.42
6678
122.87
792.35
6071.8
434.5
82.03
6161.4
792.88
471.9
1995.7
57.75
1201.46
6783
489.17
150.93
1873.2
872.74
541.97
3356.5
61.93
147.55
3451.7
808.61
803.4
924
252.67
767
4681.6
974.71
389.48
4881.8
924.11
534.82
2148.3
377.08
574.08
36.4
944.02
211.25
2577.4
157.63
1105.26
6493.9
123.53
383.37
4753
16.61
940.55
672
544.06
1013.87
5912.9
685.19
195.26
3239.6
830.39
493.87
369.6
64.79
1171.69
6913.2
831.93
489.58
2793
768.24
935.22
3331.3
773.96
750.88
4468.8
777.81
937.17
866.6
297
608.92
377.3
1043.9
628.55
5442.5
49.5
1271.53
1348.2
577.5
307.06
2399.6
1086.58
814.32
2505.3
743.38
890.89
6260.8
729.74
99.97
1897.7
767.47
533.65
4379.9
190.96
148.46
1423.8
491.92
593.45
3916.5
628.1
944.45
4642.4
687.39
403.91
1026.9
41.36
462.54
5320.7
253.22
670.8
6974.1
229.02
654.94
4358.9
221.54
233.48
6603.1
105.38
1095.9
4587.8
403.59
702.91
461.3
1091.97
454.35
1260.7
914.43
1035.71
1902.6
28.6
3.77
4434.5
758.12
342.03
6610.1
518.32
390.91
6547.1
254.43
216.06
3159.1
949.08
12.48
6685.7
534.16
274.3
5389.3
70.51
398.97
1736.7
791.45
401.7
5522.3
863.94
1217.97
5415.2
660.88
998.66
3992.8
959.86
558.35
4013.1
155.54
154.31
5854.8
94.27
292.63
5406.8
23.1
593.32
4016.6
519.53
415.09
4083.8
68.86
572.13
5561.5
915.75
181.22
5156.2
88.66
1116.57
319.2
555.17
363.35
6878.2
306.24
1144.39
2702
532.4
504.66
5708.5
63.03
214.24
3986.5
581.9
325.65
5562.2
1030.26
1178.71
6204.1
561.44
492.7
5885.6
801.9
99.84
6412.7
575.85
1182.09
388.5
286.11
812.63
6400.8
1035.1
994.63
5803.7
614.68
56.55
2412.9
1039.28
685.75
2576.7
435.16
286
3730.3
1061.61
499.46
5483.8
434.39
1242.8
4830.7
1008.04
606.32
4930.1
832.92
254.15
5467.7
740.63
460.46
2279.2
400.4
324.48
4101.3
1004.96
1073.54
2457
817.08
499.98
207.9
96.25
428.22
1346.8
501.16
942.5
2887.5
1087.35
422.89
3023.3
447.81
462.15
2716
805.64
353.47
3427.2
480.37
863.72
2242.1
938.3
1264.77
4722.2
196.46
438.1
3915.8
840.95
1151.54
2696.4
825.88
817.18
5388.6
858.55
456.69
5140.8
1070.3
574.73
662.9
22.77
85.54
2940
96.58
614.77
2874.9
523.38
266.89
2225.3
660.77
360.36
4322.5
1013.1
169.26
4132.8
253.88
1227.2
3938.2
869.22
921.18
3139.5
891.66
122.98
4986.1
638.44
1137.63
445.9
1045.11
628.29
987
49.28
180.96
1448.3
110
295.23
2205
561.88
439.53
1089.2
911.57
1220.44
3029.6
490.82
643.63
1388.1
738.98
943.67
996.1
257.95
196.82
3402.7
350.02
776.36
4064.9
732.27
1056.77
637.7
802.34
991.9
4020.8
556.27
1050.14
4995.9
783.86
1180.14
4032
729.08
544.18
6398.7
900.24
1147.25
3417.4
975.15
1253.07
6883.1
93.28
826.54
2410.8
948.53
657.15
917
383.35
596.57
5098.1
620.84
161.98
3788.4
721.05
636.09
2129.4
253
1293.5
784
636.79
445.64
4585
170.39
7.28
515.9
774.62
1071.33
4139.8
211.64
449.54
3887.8
891.99
85.54
5784.8
170.94
1206.53
2323.3
1013.76
1185.34
2982
714.89
619.19
3854.2
908.93
171.34
279.3
143.55
1296.1
4690.7
965.47
274.43
90.3
586.08
1.56
130.2
265.87
917.15
3345.3
515.13
1167.27
3212.3
26.07
921.57
3672.9
533.83
649.35
616
497.64
547.43
6999.3
966.24
92.43
779.8
70.73
692.38
6148.8
114.62
862.16
3574.9
450.56
228.93
5052.6
464.75
447.33
5061.7
83.93
287.3
3000.2
208.34
896.22
6731.9
311.85
452.79
2140.6
889.02
1083.81
5637.1
584.65
1197.69
6031.9
584.54
1039.74
3976
305.8
1123.33
704.2
172.04
784.55
5346.6
332.53
17.03
4026.4
26.62
92.17
3881.5
420.75
1017.12
5429.2
490.93
789.23
701.4
448.8
1157.78
3139.5
384.01
908.57
6421.8
169.84
1125.28
5871.6
17.71
516.1
1916.6
642.51
403.26
965.3
753.28
132.34
2636.2
92.18
525.46
175
323.62
556.92
671.3
933.68
579.93
3594.5
285.56
1160.12
844.2
395.78
1216.28
79.1
487.85
370.11
2417.8
1095.82
96.72
1477
517.22
943.41
1702.4
818.4
1228.63
1320.2
568.81
818.87
2032.8
581.79
453.57
4862.2
609.29
361.92
5307.4
313.5
165.36
1430.1
878.46
502.84
5123.3
1011.12
496.34
4673.2
622.27
1072.89
4112.5
600.93
1067.95
4633.3
431.75
1204.97
2713.9
297.99
872.17
6776
505.45
1070.16
1631.7
825
457.86
4074
489.06
703.69
3469.2
223.19
1074.32
4359.6
46.64
812.5
4513.6
851.84
233.22
4632.6
84.92
494.52
3410.4
731.17
1204.71
6607.3
1058.09
415.09
6096.3
1083.28
293.02
1239
1048.08
890.5
4448.5
204.49
565.5
4360.3
443.41
669.24
1149.4
988.68
933.01
6934.2
172.48
514.02
1755.6
480.59
220.74
3012.1
108.57
321.1
5674.9
243.21
710.97
2608.2
880.33
187.2
2289.7
337.04
167.44
3868.2
130.46
106.08
1663.2
829.51
1173.51
2154.6
13.42
397.67
5758.2
194.15
1091.87
3782.8
882.53
1295.71
6550.6
58.52
89.44
5185.6
130.57
217.88
4361
1022.34
31.07
5635.7
1030.92
1071.46
6644.4
290.84
169.78
546
497.42
324.09
5564.3
758.78
830.18
2329.6
1097.36
846.17
4470.9
902.22
601.38
796.6
1095.38
344.37
5220.6
623.48
413.53
5702.2
1037.08
93.6
4321.8
622.38
1.82
4489.8
6.82
746.07
3259.2
1050.94
615.55
1620.5
36.74
1203.41
812
509.85
325.91
5282.2
876.04
322.79
2838.5
77.33
914.81
3523.1
202.62
435.24
5378.1
1023
697.84
5051.2
819.06
149.37
5555.9
398.31
410.67
3012.1
702.57
418.73
29.4
114.73
360.75
3343.9
1068.1
1230.06
270.2
95.7
532.61
2025.1
925.87
267.93
1209.6
970.64
1185.21
6136.2
424.38
124.67
5926.2
868.23
33.67
130.2
561.99
527.41
934.5
335.06
523.9
3146.5
407.22
54.21
5401.2
10.56
1015.69
344.4
536.14
977.99
4414.2
578.6
1091.22
282.1
495.66
411.19
6171.9
685.74
1084.07
5553.8
148.72
1111.37
6225.1
1079.98
837.46
3852.8
0.55
1027.52
4139.1
846.12
949.26
6960.8
240.57
130.52
252.7
688.16
143.13
3168.2
742.28
302.51
1435
335.94
512.07
4757.2
1078.99
1097.85
4417.7
948.86
608.4
701.4
320.32
784.16
6686.4
897.27
286.39
1642.2
402.71
1112.8
175
651.97
812.76
5287.1
645.81
1097.2
5989.9
284.24
136.24
4207
782.21
539.24
5835.9
606.43
462.02
1593.9
952.71
437.19
4951.8
145.64
1084.46
1227.8
255.86
163.02
2897.3
206.58
749.32
4439.4
464.75
751.01
3431.4
90.97
221.52
807.8
921.8
984.75
4162.2
361.9
20.8
4895.8
1023
470.99
799.4
438.9
713.44
3287.2
288.09
539.37
3088.4
1066.23
237.25
1927.8
159.28
539.63
252
614.57
309.66
4286.8
212.19
384.67
1331.4
350.13
492.18
2524.2
477.07
281.71
5273.8
729.96
235.17
2832.2
399.3
144.17
5368.3
123.75
188.63
2209.9
239.03
529.1
2560.6
724.35
489.32
3838.1
1027.29
203.32
4190.2
665.72
455.39
5857.6
239.36
706.16
928.9
47.3
645.71
1026.2
444.07
1209.52
2543.1
172.81
297.96
1255.8
617.87
295.75
6478.5
1060.18
442
494.9
1006.17
724.49
3343.9
1007.27
280.67
3425.1
109.12
1020.5
4519.9
767.58
507.26
6972
588.17
316.03
1220.8
332.86
371.93
4697.7
494.12
896.74
1657.6
492.47
626.73
3262
689.81
882.7
2300.9
206.69
361.4
4680.9
284.46
1076.27
6029.1
809.93
966.68
4986.8
946.99
1095.64
3481.8
557.26
228.67
3660.3
552.97
449.54
5362
744.81
842.92
4811.1
1081.85
952.77
86.8
242.33
1060.54
3461.5
353.65
101.66
5661.6
715.33
345.93
607.6
1049.62
682.11
3850
897.05
1165.06
2055.2
179.41
984.23
5401.9
325.38
342.94
6633.2
900.57
522.21
2053.8
241.89
928.2
4039
997.92
